0.847501 0.847255 0.850368 0.844164 0.847733
0.853089 0.837819 0.839587 0.836058 2.59407
0.84645 0.839942 0.842513 0.837386 6.31711
0.859131 0.847939 0.850085 0.845803 13.6874
0.850082 0.837925 0.840283 0.83558 24.5823
0.84725 0.838929 0.841876 0.836003 37.8049
0.856246 0.844086 0.846338 0.841846 57.3926
0.857711 0.844719 0.846983 0.842466 83.6783
0.86165 0.849684 0.851996 0.847385 112.676
0.868856 0.85471 0.856577 0.852851 151.834
0.856401 0.845311 0.847678 0.842958 199.614
0.860087 0.84824 0.850511 0.84598 254.352
