0.0743212 0.0556806 0.0556835 0.0556777 0.646272
0.0831826 0.0615743 0.0615815 0.0615671 2.30384
0.106115 0.0784087 0.0784091 0.0784082 6.07975
0.0552234 0.0405579 0.040558 0.0405578 13.2466
0.0762486 0.0560041 0.0560059 0.0560022 23.202
0.088898 0.0653547 0.0653589 0.0653505 36.8804
0.0918093 0.0674731 0.0674733 0.0674729 56.3314
0.0873878 0.0641741 0.064178 0.0641702 82.9313
0.0749922 0.0549475 0.0549482 0.0549469 110.997
0.059739 0.0436755 0.0436767 0.0436742 149.962
0.075207 0.0550786 0.0550792 0.055078 200.657
0.088057 0.0646003 0.0646005 0.0646001 251.768
