0.918344 0.906555 0.906662 0.906448 13.1037
0.898199 0.88124 0.881374 0.881105 15.846
0.907165 0.889924 0.890148 0.8897 17.8197
0.862429 0.860851 0.862305 0.859403 20.2387
0.897408 0.878596 0.878719 0.878473 22.1741
0.884057 0.866989 0.867117 0.86686 24.2741
0.878993 0.867743 0.868472 0.867015 26.3808
0.878992 0.863082 0.863296 0.862869 28.5855
0.897577 0.881552 0.88185 0.881255 30.8264
0.877642 0.862881 0.863317 0.862445 32.7761
0.88518 0.86644 0.866625 0.866254 34.5696
0.901933 0.881423 0.881478 0.881369 35.4851
